51
50
43
45
45
45
47
44
48
47
47
50
51
58
63
55
51
48
46
46
42
40
40
36
33
34
34
34
33
32
32
32
30
29
30
31
33
34
32
32
30
31
29
28
28
28
27
28
26
25
25
25
25
25
27
28
27
28
26
27
27
27
30
37
47
46
44
42
40
40
38
36
36
36
34
33
32
32
29
28
29
29
29
28
27
27
27
27
27
27
27
27
27
27
26
25
25
25
25
25
25
25
26
27
27
27
27
28
27
27
28
28
29
29.7
30.1
30.4
32.7
38.5
45.2
52.1
60.2
53.6
50.3
51.2
51.5
52.7
53.2
52.2
51.6
51.6
50.2
45.7
41.0
38.9
40.2
41.2
41.7
43.2
42.3
41.8
42.1
44.2
49.1
52.0
52.9
54.1
58.6
67.1
72.2
71.5
72.3
78.0
79.8
80.4
80.7
80.5
81.7
84.4
86.7
87.6
88.9
89.8
90.9
92.0
93.2
94.7
97.5
100.2
104.5
110.2
116.7
121.7
125.7
133.4
148.2
161.7
171.0
182.1
196.0
218.1
247.6
273.2
290.0
299.3
312.2
323.2
329.4
341.4
355.4
372.5
392.6
409.3
421.7
434.1
445.4
457.9
471.3
482.4
489.8
500.6
517.5
532.1
540.5
552.8
567.6
586.9
605.8
623.1
647.0
644.7
655.3
676.0
689.9
700.0
709.9
718.2